	baseMean	log2FoldChange	lfcSE	stat	pvalue	padj
ENSDARG00000102731	1072.610974	-5.45312846	0.419754775	-12.99122435	1.37E-38	2.17E-34
ENSDARG00000070360	587.6957114	-7.663797877	0.652882697	-11.73839942	8.10E-32	6.40E-28
ENSDARG00000038792	478.7079205	-4.784674426	0.456550911	-10.48004574	1.07E-25	5.62E-22
ENSDARG00000098062	371.4724405	-7.365427096	0.742892305	-9.914528727	3.60E-23	1.42E-19
ENSDARG00000043126	638.6751803	-4.434075554	0.449123811	-9.872724288	5.47E-23	1.73E-19
ENSDARG00000099761	274.4576504	-6.298214305	0.65012043	-9.687765549	3.40E-22	8.95E-19
ENSDARG00000098094	491.7024937	-4.778852264	0.507966776	-9.407804786	5.07E-21	1.14E-17
ENSDARG00000008796	328.8427794	-4.485584559	0.483219788	-9.282700488	1.65E-20	3.26E-17
ENSDARG00000097098	703.4031323	-10.02770379	1.112940578	-9.010098102	2.06E-19	3.61E-16
ENSDARG00000053569	419.0283102	-3.63056574	0.409636049	-8.862905855	7.80E-19	1.23E-15
ENSDARG00000109040	198.4745994	-6.452490963	0.741607717	-8.700679372	3.30E-18	4.74E-15
ENSDARG00000095635	221.1706002	-7.786194625	0.961493101	-8.09802443	5.59E-16	7.35E-13
ENSDARG00000105983	120.0437605	-5.888797324	0.801146137	-7.350465857	1.98E-13	2.40E-10
ENSDARG00000077712	5610.322935	-2.581263389	0.35484515	-7.274337527	3.48E-13	3.93E-10
ENSDARG00000002601	115.4161765	-5.503308039	0.778069737	-7.073026715	1.52E-12	1.60E-09
ENSDARG00000041959	911.5237309	-2.516157775	0.357903414	-7.030270402	2.06E-12	2.03E-09
ENSDARG00000057633	212.5609049	-3.510104407	0.502828561	-6.980718045	2.94E-12	2.73E-09
ENSDARG00000100673	94.80880069	-6.187630626	0.959819473	-6.446660857	1.14E-10	1.00E-07
ENSDARG00000096594	100.2950455	-3.987317433	0.645543029	-6.176687302	6.55E-10	5.44E-07
ENSDARG00000104576	103.1341343	-9.540814591	1.554042731	-6.139351511	8.29E-10	6.54E-07
ENSDARG00000058179	88.95295648	-9.32522132	1.553416252	-6.003040915	1.94E-09	1.39E-06
ENSDARG00000103339	100.6468218	-5.548425485	0.948518471	-5.849570309	4.93E-09	3.38E-06
ENSDARG00000056561	64.1628186	-8.855792926	1.586166812	-5.583140977	2.36E-08	1.49E-05
ENSDARG00000080001	68.10835786	-8.944495743	1.604592003	-5.574311556	2.49E-08	1.51E-05
ENSDARG00000094859	74.64786473	-6.808580377	1.228086458	-5.54405623	2.96E-08	1.73E-05
ENSDARG00000042899	95.90466242	-3.586635685	0.66410542	-5.400702327	6.64E-08	3.74E-05
ENSDARG00000094729	54.29295856	-8.61018461	1.598534296	-5.386299582	7.19E-08	3.92E-05
ENSDARG00000093284	60.1802929	-5.23863923	0.977355445	-5.360014371	8.32E-08	4.38E-05
ENSDARG00000093220	57.92079908	-5.779467549	1.088025007	-5.311888522	1.08E-07	5.53E-05
ENSDARG00000071629	72.86161266	-4.570370353	0.86520261	-5.282427836	1.27E-07	6.29E-05
ENSDARG00000040503	68.63195275	-7.580674675	1.44113518	-5.260210685	1.44E-07	6.89E-05
ENSDARG00000107562	64.89536915	-6.622679776	1.2603417	-5.254670043	1.48E-07	6.89E-05
ENSDARG00000076264	48.17231489	-8.438873241	1.61202496	-5.23495197	1.65E-07	7.13E-05
ENSDARG00000070705	414.0622759	-3.09217368	0.590921059	-5.232803323	1.67E-07	7.13E-05
ENSDARG00000086374	48.75868837	-8.462577212	1.634988112	-5.175925836	2.27E-07	8.95E-05
ENSDARG00000103700	63.05625603	-6.034726248	1.172092166	-5.148678939	2.62E-07	0.000101034
ENSDARG00000019417	45.35710257	-8.34823301	1.628271378	-5.127052606	2.94E-07	0.000110655
ENSDARG00000025372	52.01671109	-5.731469103	1.119345004	-5.120377614	3.05E-07	0.000111978
ENSDARG00000071662	447.0900599	-2.270833289	0.449554902	-5.051292467	4.39E-07	0.00015749
ENSDARG00000045898	53.76202241	-6.34217351	1.259955541	-5.033648652	4.81E-07	0.000168869
ENSDARG00000012044	51.27696134	-5.006103297	0.996497743	-5.023697577	5.07E-07	0.000173996
ENSDARG00000074782	62.43907989	-4.337086504	0.866432348	-5.005683959	5.57E-07	0.000186963
ENSDARG00000094160	55.59665466	-7.282892466	1.484921105	-4.904565262	9.36E-07	0.000295716
ENSDARG00000104964	106.7717278	-2.880057446	0.588905428	-4.890526239	1.01E-06	0.000308616
ENSDARG00000103441	37.33521695	-8.073781879	1.651677747	-4.888230705	1.02E-06	0.000308616
ENSDARG00000105445	51.89928698	-7.18168898	1.482528818	-4.844215434	1.27E-06	0.000371711
ENSDARG00000059125	142.4314263	-3.557410993	0.735558914	-4.836337271	1.32E-06	0.000379712
ENSDARG00000097663	36.01917215	-8.024559006	1.667192836	-4.813215864	1.49E-06	0.000418802
ENSDARG00000076624	202.6180644	-2.592844432	0.545599824	-4.752282386	2.01E-06	0.00055721
ENSDARG00000103947	430.3206937	-1.790421997	0.382404499	-4.682010804	2.84E-06	0.000773417
ENSDARG00000099195	45.81802013	-4.598141967	0.992512948	-4.632828194	3.61E-06	0.00093375
ENSDARG00000070914	43.16541107	-6.908301367	1.502747	-4.597115394	4.28E-06	0.001073739
ENSDARG00000101544	42.11394466	-4.613621265	1.007829588	-4.577779141	4.70E-06	0.0011595
ENSDARG00000086296	48.78551992	-3.944288532	0.865230228	-4.558657805	5.15E-06	0.001250685
ENSDARG00000076857	41.1106508	-5.962924271	1.32077658	-4.514710786	6.34E-06	0.00151697
ENSDARG00000103540	63.16737616	-3.330489137	0.748343029	-4.450484613	8.57E-06	0.001960755
ENSDARG00000101731	27.33525921	-7.626705173	1.71932725	-4.435865933	9.17E-06	0.002068687
ENSDARG00000104681	26.44249885	-7.575614727	1.716527127	-4.413338192	1.02E-05	0.002263869
ENSDARG00000099644	27.599693	-7.644414942	1.754954006	-4.355906146	1.33E-05	0.002866554
ENSDARG00000104638	36.38939077	-5.234414075	1.204676312	-4.345079273	1.39E-05	0.002970957
ENSDARG00000037245	201.9556487	-2.004552552	0.465207076	-4.308946818	1.64E-05	0.003440213
ENSDARG00000094887	42.28530234	-4.272232537	0.991955185	-4.306880595	1.66E-05	0.003440213
ENSDARG00000093129	315.4997957	-1.740762608	0.40675552	-4.279628723	1.87E-05	0.003839168
ENSDARG00000030479	4161.051154	-1.408127107	0.329854657	-4.26893202	1.96E-05	0.003931854
ENSDARG00000071087	1185.853307	-1.4282034	0.334583663	-4.268598726	1.97E-05	0.003931854
ENSDARG00000092158	3336.275902	-1.446743721	0.339861034	-4.256868475	2.07E-05	0.004092045
ENSDARG00000102371	34.56672269	-5.723018796	1.348128286	-4.245158902	2.18E-05	0.004258473
ENSDARG00000094572	71.09670404	-2.968797019	0.702886636	-4.223720962	2.40E-05	0.004627563
ENSDARG00000097776	32.4777351	-6.499852376	1.547156822	-4.201159369	2.66E-05	0.004992053
ENSDARG00000058917	535.0369023	-7.108038827	1.693076416	-4.198297703	2.69E-05	0.004996067
ENSDARG00000077357	2763.55456	-1.665388493	0.398460295	-4.17955945	2.92E-05	0.005362961
ENSDARG00000035221	1362.344758	-1.767148681	0.423271786	-4.174973951	2.98E-05	0.005409237
ENSDARG00000088927	66.72969229	-3.472983221	0.834832393	-4.160096386	3.18E-05	0.005708327
ENSDARG00000102150	383.5654535	-1.638803373	0.395082114	-4.148007	3.35E-05	0.005904292
ENSDARG00000061520	1093.025295	-1.599421119	0.385952174	-4.144091489	3.41E-05	0.005904292
ENSDARG00000070702	242.1506087	-1.891699834	0.456774492	-4.141430545	3.45E-05	0.005904292
ENSDARG00000027070	21.84859933	-7.296597893	1.762491276	-4.13993419	3.47E-05	0.005904292
ENSDARG00000087212	276.2040393	-2.236155593	0.540170668	-4.139720511	3.48E-05	0.005904292
ENSDARG00000090847	191.4476067	-1.963339334	0.475274705	-4.130956925	3.61E-05	0.00600484
ENSDARG00000096166	22.58816625	-7.354536543	1.784800675	-4.120648679	3.78E-05	0.006214534
ENSDARG00000009881	43.24670019	-3.957882187	0.96287661	-4.110477028	3.95E-05	0.006427793
ENSDARG00000091502	41.21839259	-3.7483707	0.912546521	-4.107594095	4.00E-05	0.006442114
ENSDARG00000103283	21.02772135	-7.241454479	1.772599369	-4.085217792	4.40E-05	0.006884797
ENSDARG00000039136	436.7431761	-1.607649474	0.400123787	-4.017880284	5.87E-05	0.009091284
ENSDARG00000021905	796.2256965	-1.590833236	0.396612591	-4.011050765	6.04E-05	0.009267494
ENSDARG00000103187	756.2489956	-1.479851452	0.370070294	-3.998838803	6.37E-05	0.009665005
ENSDARG00000098796	437.3611434	-1.525302654	0.382877634	-3.983786252	6.78E-05	0.010104137
ENSDARG00000101248	35.19929023	-4.358784419	1.1029742	-3.951846217	7.76E-05	0.011297972
ENSDARG00000077473	314.6513393	-2.016577715	0.510460607	-3.950506045	7.80E-05	0.011297972
ENSDARG00000040265	2834.140293	-1.286463053	0.327813038	-3.924380372	8.70E-05	0.012482535
ENSDARG00000091176	163.68008	-1.926418425	0.493226436	-3.905748525	9.39E-05	0.013363192
ENSDARG00000039943	164.2201924	-2.161096967	0.554213307	-3.899395662	9.64E-05	0.013508487
ENSDARG00000088820	1747.993391	-1.524830341	0.392963738	-3.880333457	0.000104313	0.01428766
ENSDARG00000067524	2303.357823	-1.371292164	0.353531673	-3.878838214	0.000104957	0.01428766
ENSDARG00000094840	18.02679116	-7.021868881	1.816723326	-3.865128378	0.000111031	0.01498536
ENSDARG00000086831	132.8790479	-2.011608521	0.524714967	-3.833716683	0.000126222	0.016609699
ENSDARG00000090366	222.126852	-1.738058437	0.457451747	-3.799435569	0.000145026	0.018618746
ENSDARG00000039832	24.22205439	-6.081669834	1.612856381	-3.770744813	0.000162761	0.020398092
ENSDARG00000077078	2541.639513	-1.348316449	0.358249667	-3.763622332	0.00016747	0.020440588
ENSDARG00000021201	16.81892464	-6.919819304	1.838985486	-3.762846067	0.000167991	0.020440588
ENSDARG00000002353	26.8721091	-4.802897119	1.280024783	-3.752190725	0.000175296	0.020920201
ENSDARG00000103458	24.39834358	-6.097167334	1.627618305	-3.746067069	0.000179629	0.020920201
ENSDARG00000108483	251.9851894	-1.78717942	0.47709728	-3.745943424	0.000179717	0.020920201
ENSDARG00000037178	99.42462966	-2.434478257	0.650327546	-3.743464767	0.0001815	0.020920201
ENSDARG00000056386	137.6624331	-2.297504284	0.61433887	-3.739799638	0.000184167	0.020975021
ENSDARG00000103442	23.83318012	-6.059988487	1.620679461	-3.739165353	0.000184632	0.020975021
ENSDARG00000068409	460.9663261	-6.725782081	1.800845894	-3.734790469	0.000187872	0.021190568
ENSDARG00000100896	354.0707275	-1.640273057	0.439604324	-3.731248691	0.000190533	0.021338347
ENSDARG00000037884	348.0573108	-1.590620424	0.426751637	-3.727274337	0.000193562	0.021524883
ENSDARG00000100793	414.3540309	-1.621525051	0.435914343	-3.719824952	0.000199361	0.021861861
ENSDARG00000070516	103.1692729	-2.128975328	0.573350553	-3.713217535	0.000204641	0.022024325
ENSDARG00000027744	35.26421333	-4.24272673	1.142949885	-3.712084654	0.000205559	0.022024325
ENSDARG00000071097	814.6833742	-1.33982631	0.361205311	-3.709320623	0.000207816	0.022024325
ENSDARG00000091947	1461.761009	-1.245888072	0.336246758	-3.705279066	0.000211158	0.022229319
ENSDARG00000068710	26.41492478	-4.59739206	1.244777932	-3.69334316	0.000221325	0.023067377
ENSDARG00000106555	29.30118433	-4.54691922	1.231385571	-3.692522739	0.00022204	0.023067377
ENSDARG00000010770	27.99833968	-4.461605329	1.214943706	-3.672273296	0.000240402	0.024650611
ENSDARG00000057620	142.7659448	-2.087266452	0.568870322	-3.66914281	0.000243365	0.02476692
ENSDARG00000068404	4631.656497	-1.18588654	0.323448935	-3.666379485	0.000246009	0.02476692
ENSDARG00000092475	28.39216176	-4.497630405	1.227024187	-3.665478197	0.000246877	0.02476692
ENSDARG00000058587	1636.996577	-1.367889552	0.373365195	-3.663677203	0.00024862	0.02476692
ENSDARG00000016789	216.4315373	-2.056212855	0.561370102	-3.662847112	0.000249427	0.02476692
ENSDARG00000011312	1130.388	-1.604626626	0.44026848	-3.644654795	0.000267751	0.026060846
ENSDARG00000035715	864.9981968	-1.537439891	0.422734064	-3.636896152	0.000275943	0.026408592
ENSDARG00000088051	251.0990795	-1.621077355	0.446371181	-3.631680143	0.000281582	0.026710836
ENSDARG00000015575	1448.83525	-1.286534264	0.356522915	-3.60855981	0.000307902	0.028769664
ENSDARG00000095121	33.2597409	-4.176790857	1.160825516	-3.598121163	0.000320524	0.029598826
ENSDARG00000002707	111.7345889	-2.347922651	0.653274053	-3.594085269	0.000325533	0.029713845
ENSDARG00000045694	14.92145416	-6.75258949	1.88684903	-3.578765117	0.000345222	0.03115082
ENSDARG00000104945	91.43147303	-2.152580029	0.602105593	-3.575087251	0.000350111	0.031235055
ENSDARG00000077811	31.9108468	-3.879950019	1.088956028	-3.562999715	0.000366641	0.031944488
ENSDARG00000096456	108.1712396	-2.015062716	0.565726609	-3.56190196	0.000368178	0.031944488
ENSDARG00000102678	227.3457817	-1.5619496	0.439697456	-3.552328034	0.000381839	0.03276963
ENSDARG00000022303	4398.15771	-1.303495338	0.368839581	-3.53404408	0.000409253	0.034270891
ENSDARG00000055678	37.42575192	-3.614571597	1.023493404	-3.531602237	0.00041305	0.034270891
ENSDARG00000099755	326.8937641	-1.727684143	0.491240435	-3.516982763	0.000436482	0.03571238
ENSDARG00000078789	948.0430606	-1.276218231	0.364053006	-3.505583553	0.000455607	0.036520293
ENSDARG00000054446	2516.647306	-1.186568749	0.338633075	-3.503995438	0.000458333	0.036546647
ENSDARG00000104955	1630.537774	-1.178949121	0.336582799	-3.502701633	0.000460565	0.036546647
ENSDARG00000045444	13.99805511	-6.655782821	1.903871628	-3.495919957	0.00047243	0.037115166
ENSDARG00000087327	977.7678361	-1.273600276	0.364839105	-3.490854623	0.000481478	0.037638721
ENSDARG00000095672	13.78735576	-6.638749368	1.917024337	-3.463049081	0.000534091	0.040443709
ENSDARG00000026090	606.2336583	-1.593715396	0.460348878	-3.461973019	0.000536231	0.040443709
ENSDARG00000013576	94.09533295	-2.404181735	0.694784825	-3.460325624	0.000539523	0.040443709
ENSDARG00000091579	13.66857247	-6.624683804	1.916045842	-3.457476673	0.000545259	0.040614113
ENSDARG00000100836	322.3779724	-1.552422484	0.449238444	-3.455675939	0.000548915	0.040694432
ENSDARG00000069105	19.31304872	-5.754155738	1.672488766	-3.44047497	0.000580694	0.042410763
ENSDARG00000033182	21.81094427	-5.071193344	1.474402222	-3.439491116	0.000582809	0.042410763
ENSDARG00000101002	13.55167492	-6.605309786	1.921450316	-3.437668791	0.000586745	0.042501325
ENSDARG00000007387	5015.804827	-1.298269524	0.37807843	-3.433862975	0.000595045	0.042893574
ENSDARG00000042989	3145.365806	-1.096134896	0.320246883	-3.422780841	0.00061984	0.04389192
ENSDARG00000087333	2219.548887	-1.179855697	0.345112827	-3.418753536	0.000629087	0.044347811
ENSDARG00000028327	6459.166956	-1.244293017	0.364386261	-3.414763809	0.000638373	0.044802465
ENSDARG00000053684	20.02080062	-5.796783014	1.702712926	-3.404439425	0.000663	0.045995784
ENSDARG00000006235	4216.504361	-1.25106707	0.367530621	-3.403980509	0.000664115	0.045995784
ENSDARG00000104611	1591.981617	-1.11526038	0.328507882	-3.394927313	0.000686468	0.046870393
ENSDARG00000102411	96.64203184	-2.088431762	0.617742017	-3.380750711	0.000722881	0.048379541
ENSDARG00000007786	4856.66063	-1.141566457	0.337940605	-3.378009148	0.000730127	0.04846267
ENSDARG00000030224	689.2229048	-1.281179034	0.380493239	-3.36715322	0.000759485	0.049720895
ENSDARG00000099760	305.450083	-1.374522613	0.408324832	-3.366247914	0.000761982	0.049720895
ENSDARG00000088847	21.06740675	-4.793714036	1.425627485	-3.362529193	0.00077232	0.049857847
ENSDARG00000104887	28.59029955	-3.522869403	1.049218005	-3.357614323	0.000786182	0.049857847
ENSDARG00000074868	940.1456661	-1.139192227	0.33976011	-3.352931061	0.000799606	0.05047171
ENSDARG00000052907	2404.695636	-1.171347152	0.349445594	-3.352015803	0.000802254	0.05047171
ENSDARG00000097452	41.15598776	-3.273012602	0.977622718	-3.34793018	0.000814175	0.050816762
ENSDARG00000007329	12.59386571	-6.507508234	1.951240637	-3.335061863	0.000852804	0.05248009
ENSDARG00000105908	511.7762131	-1.221271106	0.36647675	-3.332465448	0.000860802	0.05248009
ENSDARG00000006397	6704.3248	-1.10895137	0.332781498	-3.332370872	0.000861094	0.05248009
ENSDARG00000053527	2096.530983	-1.301398085	0.390622981	-3.331596321	0.000863494	0.05248009
ENSDARG00000041019	133.2210823	-1.875066652	0.562988715	-3.330558149	0.000866721	0.05248009
ENSDARG00000041363	1381.144658	-1.345982618	0.404158189	-3.330336129	0.000867412	0.05248009
ENSDARG00000092987	169.1499826	-1.559422236	0.470570488	-3.313897227	0.000920053	0.0549034
ENSDARG00000090861	231.6155441	-1.47564095	0.445342557	-3.313496381	0.000921373	0.0549034
ENSDARG00000074588	569.5905152	-1.26066535	0.381055358	-3.308352245	0.000938467	0.055296011
ENSDARG00000104697	290.8703018	-1.42000043	0.429632077	-3.305154587	0.00094924	0.055722875
ENSDARG00000095135	917.0581194	-1.211388765	0.366967961	-3.30107501	0.000963151	0.055829086
ENSDARG00000006553	8944.908434	-1.078164344	0.3267666	-3.299493716	0.000968594	0.055829086
ENSDARG00000092849	827.7338023	-1.357054509	0.411421112	-3.298456181	0.000972181	0.055829086
ENSDARG00000038716	176.7603132	-1.527288994	0.463088739	-3.298048227	0.000973594	0.055829086
ENSDARG00000076255	109.1597553	-1.870915523	0.567537391	-3.296550241	0.000978801	0.055829086
ENSDARG00000078024	12.20687717	-6.459457592	1.959550596	-3.296397452	0.000979334	0.055829086
ENSDARG00000098501	12.16186201	-6.454908073	1.961796505	-3.290304605	0.00100079	0.056847021
ENSDARG00000033320	2768.781933	-1.299176909	0.39524867	-3.286986166	0.001012658	0.057279764
ENSDARG00000014565	2677.453099	-1.054292124	0.320926886	-3.285147396	0.00101929	0.057279764
ENSDARG00000105479	5816.59776	-1.077620817	0.3282533	-3.282894082	0.001027473	0.057534824
ENSDARG00000092583	80.01060187	-2.211369424	0.67456856	-3.27819818	0.00104472	0.058116944
ENSDARG00000012603	2019.856593	-1.117961607	0.34122051	-3.276361103	0.00105154	0.058197985
ENSDARG00000015088	5200.483237	-1.050116876	0.320579245	-3.275685786	0.001054058	0.058197985
ENSDARG00000056075	1991.13978	-1.123607571	0.344402927	-3.262479738	0.001104421	0.060345699
ENSDARG00000069192	1110.127215	-1.139343397	0.349578643	-3.259190511	0.001117306	0.060839244
ENSDARG00000096139	111.8497168	-1.764435827	0.542015527	-3.255323399	0.001132633	0.06122088
ENSDARG00000099929	58.42732908	-2.404245149	0.738965998	-3.253526083	0.001139823	0.06122088
ENSDARG00000096461	127.8844224	-1.654671968	0.509950926	-3.244767059	0.001175467	0.062388957
ENSDARG00000070161	6351.317067	-1.205016468	0.371401605	-3.244510663	0.001176526	0.062388957
ENSDARG00000061854	4693.814863	-1.026961726	0.316653614	-3.243170706	0.001182074	0.062388957
ENSDARG00000015611	108.650076	-1.818337464	0.560969892	-3.241417211	0.00118937	0.062388957
ENSDARG00000076901	16.85230051	-5.553729532	1.713931214	-3.240345637	0.001193849	0.062388957
ENSDARG00000089139	2849.241895	-1.052996436	0.32508654	-3.239126525	0.001198964	0.062388957
ENSDARG00000095030	63.97762412	-2.205312692	0.684017334	-3.224059656	0.001263871	0.065221509
ENSDARG00000075821	137.2384102	-1.639219653	0.508936083	-3.220875285	0.001277997	0.065336438
ENSDARG00000102843	862.7240427	-1.224437414	0.380174261	-3.220726753	0.00127866	0.065336438
ENSDARG00000107264	11.58043633	-6.382389921	1.982210806	-3.219834087	0.001282648	0.065336438
ENSDARG00000094023	804.0437815	-1.11931867	0.348318101	-3.213495555	0.001311298	0.066367664
ENSDARG00000054789	4134.511209	-1.12143902	0.34908194	-3.212538068	0.001315677	0.066376541
ENSDARG00000102102	266.7507481	-1.408576032	0.438859918	-3.209625609	0.00132908	0.06683916
ENSDARG00000071143	16.96731232	-5.575033552	1.738426228	-3.206942844	0.001341536	0.067251436
ENSDARG00000098270	81.68557578	-1.930590422	0.602438182	-3.20462826	0.00135237	0.067579994
ENSDARG00000061845	68.92057088	-2.069062613	0.647799547	-3.193985889	0.00140323	0.068866002
ENSDARG00000026540	6172.992271	-0.995623714	0.311738827	-3.19377514	0.001404255	0.068866002
ENSDARG00000019660	25.16479658	-3.749778766	1.174866601	-3.191663431	0.001414561	0.068866002
ENSDARG00000097035	128.0396668	-2.162404195	0.677595674	-3.191289848	0.001416391	0.068866002
ENSDARG00000079636	846.939308	-1.142580124	0.358052869	-3.191093331	0.001417355	0.068866002
ENSDARG00000076667	28805.9367	-1.032679282	0.32513738	-3.176132141	0.001492529	0.071419797
ENSDARG00000045304	1788.380264	-1.070870056	0.337353311	-3.174327981	0.001501839	0.071648147
ENSDARG00000039162	1787.97339	-1.217514589	0.38400498	-3.17056979	0.001521403	0.072362867
ENSDARG00000008936	2325.029655	-1.151348455	0.363974617	-3.163265795	0.001560098	0.073759016
ENSDARG00000097873	30.40625984	-3.475768109	1.101773162	-3.154703916	0.001606611	0.075198841
ENSDARG00000012390	1280.050019	-1.096989208	0.34788619	-3.153299099	0.001614363	0.075198841
ENSDARG00000045824	1240.998899	-1.200644329	0.381235587	-3.149350086	0.00163634	0.075553951
ENSDARG00000013335	95.84562344	-1.889337844	0.600756706	-3.144930094	0.001661265	0.076258834
ENSDARG00000037284	4299.003404	-1.047967757	0.333768289	-3.139806238	0.001690596	0.076934304
ENSDARG00000091280	310.3973852	-1.520443035	0.485407688	-3.132301102	0.001734419	0.078476248
ENSDARG00000089720	672.8559994	-1.266486093	0.405870976	-3.120415519	0.001805961	0.081016843
ENSDARG00000021753	977.8812891	-1.207467033	0.387096282	-3.119293802	0.001812851	0.081095552
ENSDARG00000100114	8971.521758	-0.977923995	0.313780914	-3.11658215	0.001829607	0.081613909
ENSDARG00000003860	6944.741687	-1.006820967	0.32315847	-3.11556422	0.001835934	0.081665433
ENSDARG00000076807	3925.525579	-1.048370123	0.33700421	-3.110851707	0.001865486	0.081882734
ENSDARG00000104942	61.95364417	-2.56491659	0.826150798	-3.104659097	0.001904984	0.082869448
ENSDARG00000036073	7248.988259	-1.083819634	0.349301677	-3.102818298	0.001916873	0.083157528
ENSDARG00000091062	10.68579023	-6.263669176	2.021397162	-3.098683076	0.001943828	0.083931259
ENSDARG00000099872	21.0080314	-4.065054262	1.312097692	-3.09813384	0.001947435	0.083931259
ENSDARG00000071741	269.2702137	-1.388794567	0.448389894	-3.097292299	0.001952972	0.083931259
ENSDARG00000061432	10.64077506	-6.258460797	2.022171205	-3.094921331	0.001968651	0.084246528
ENSDARG00000019986	15.38683374	-5.430612173	1.757003862	-3.090836788	0.001995933	0.084709919
ENSDARG00000075178	420.6467473	-1.293567172	0.418807992	-3.088687884	0.002010425	0.084709919
ENSDARG00000016481	995.2562835	-1.30627271	0.423265509	-3.086178019	0.002027474	0.085148514
ENSDARG00000102753	1242.615692	-1.132361511	0.367220775	-3.083598714	0.002045132	0.085579212
ENSDARG00000091524	38.97156926	-2.575227734	0.836781826	-3.077537843	0.002087183	0.085850303
ENSDARG00000042544	7450.433873	-1.149549426	0.373787578	-3.075408314	0.002102145	0.085850303
ENSDARG00000100990	149.013001	-1.723516236	0.560516861	-3.074869567	0.002105946	0.085850303
ENSDARG00000104762	273.5904759	-1.331218852	0.433017203	-3.074286293	0.002110068	0.085850303
ENSDARG00000088861	236.9291876	-1.337502651	0.4350813	-3.074144191	0.002111074	0.085850303
ENSDARG00000099845	232.6433467	-1.472592018	0.47923513	-3.072796472	0.002120631	0.085863792
ENSDARG00000074765	512.9502307	-1.214611479	0.395751066	-3.069130021	0.002146831	0.0865554
ENSDARG00000098582	242.2417409	-1.362006442	0.444170313	-3.066405842	0.00216649	0.086756777
ENSDARG00000102750	5282.053961	-0.95607357	0.312146681	-3.062898402	0.002192045	0.086756777
ENSDARG00000037556	10056.77099	-0.959003559	0.313145146	-3.062488982	0.002195046	0.086756777
ENSDARG00000045628	610.9014663	-1.117951822	0.365387683	-3.05963193	0.002216092	0.086756777
ENSDARG00000040854	3527.461492	-1.020634004	0.333640258	-3.059085286	0.002220139	0.086756777
ENSDARG00000107483	17.88095782	-4.809674713	1.57247665	-3.058662088	0.002223278	0.086756777
ENSDARG00000101418	20.44475367	-4.016739507	1.313339337	-3.058417115	0.002225096	0.086756777
ENSDARG00000003257	302.0649599	-1.314928487	0.430571193	-3.053916535	0.002258749	0.087304109
ENSDARG00000101978	277.1555142	-1.543838664	0.505582396	-3.053584693	0.002261249	0.087304109
ENSDARG00000101341	6405.525951	-1.145511628	0.375905801	-3.047336923	0.002308788	0.088490451
ENSDARG00000013979	3335.5344	-1.090219408	0.359039539	-3.036488437	0.002393513	0.090855678
ENSDARG00000087249	87.86390254	-1.887841269	0.621878521	-3.035707465	0.002399721	0.090872875
ENSDARG00000096689	1043.850877	-1.037692215	0.342412909	-3.030528894	0.002441258	0.091379054
ENSDARG00000100868	26.58883682	-3.424017183	1.130069076	-3.029918485	0.002446198	0.091379054
ENSDARG00000104041	273.9727431	-1.61075775	0.531652406	-3.029719669	0.002447808	0.091379054
ENSDARG00000038635	3197.829917	-1.013060128	0.334458756	-3.028953822	0.002454022	0.091394953
ENSDARG00000036987	10.16187046	-6.197130114	2.046448154	-3.028237046	0.002459851	0.091396469
ENSDARG00000001733	2190.537198	-0.98611789	0.326067208	-3.024278023	0.002492273	0.092176451
ENSDARG00000039322	275.9284814	-1.257575484	0.415953947	-3.023352689	0.002499907	0.092176451
ENSDARG00000038386	22.98955012	-3.878158565	1.282864229	-3.023046771	0.002502436	0.092176451
ENSDARG00000004261	12276.45248	-1.022338746	0.338382663	-3.021250367	0.002517331	0.092230108
ENSDARG00000011973	3869.815873	-1.066215383	0.352988586	-3.020537843	0.002523262	0.092233394
ENSDARG00000101533	653.0800185	-1.071756381	0.35507714	-3.018376176	0.002541332	0.09249484
ENSDARG00000034568	1214.609311	-1.120230457	0.371319905	-3.016887708	0.002553844	0.09249484
ENSDARG00000092765	161.3223998	-1.564797693	0.51938694	-3.012778283	0.00258868	0.093541971
ENSDARG00000098678	30.3599018	-2.97210972	0.986998919	-3.011259347	0.002601665	0.093605411
ENSDARG00000011683	4994.933138	-1.016568093	0.337608968	-3.011081432	0.00260319	0.093605411
ENSDARG00000098758	14.90792913	-5.389430383	1.790213769	-3.010495437	0.002608219	0.093605411
ENSDARG00000103677	168.3940256	-1.466863479	0.488201739	-3.004625677	0.002659079	0.094998898
ENSDARG00000044626	394.9602696	-1.209122913	0.402874996	-3.001235928	0.002688861	0.095846075
ENSDARG00000031985	5712.22353	-0.944360843	0.315308748	-2.995035337	0.00274413	0.096766384
ENSDARG00000098021	1012.067635	-1.086808929	0.363485103	-2.989968279	0.002790064	0.098104095
ENSDARG00000062476	3491.343742	-1.214447098	0.406257613	-2.989352225	0.002795696	0.098104095
ENSDARG00000013732	4137.934274	-1.063026733	0.355870165	-2.987119564	0.002816196	0.098122849
ENSDARG00000100803	632.0633844	-1.213528558	0.406283561	-2.986900467	0.002818215	0.098122849
ENSDARG00000071439	764.2050595	-1.103226083	0.369486208	-2.985838333	0.002828021	0.098122849
ENSDARG00000087837	33.69914592	-2.835836714	0.951642179	-2.979940125	0.002883047	0.098949398
ENSDARG00000105612	317.4446447	-1.457176814	0.489246938	-2.978407632	0.002897503	0.099035666
ENSDARG00000100602	12.46942522	-6.501791352	2.184029239	-2.976970837	0.002911117	0.099084747
ENSDARG00000014329	19483.95313	-0.939858945	0.315981157	-2.974414532	0.002935482	0.099084747
ENSDARG00000070786	3235.71402	-1.160777892	0.390489724	-2.972620839	0.00295269	0.099084747
ENSDARG00000017984	16.51306432	-4.680446041	1.574632082	-2.972406122	0.002954756	0.099084747
ENSDARG00000041430	16.82817048	-4.706413261	1.583404522	-2.972337894	0.002955412	0.099084747
ENSDARG00000058562	1219.39307	-1.167315835	0.393099722	-2.9695158	0.002982695	0.099576602
ENSDARG00000107486	10.11496956	-6.197746965	2.088256482	-2.967905053	0.002998369	0.099888714