	baseMean	log2FoldChange	lfcSE	stat	pvalue	padj
ENSDARG00000102731	609.5871043	-4.542838974	0.31255475	-14.53453825	7.32E-48	1.10E-43
ENSDARG00000099761	389.6901555	-6.216373453	0.450378951	-13.80253994	2.46E-43	1.84E-39
ENSDARG00000040295	367.1222257	-5.263412406	0.387491097	-13.58331184	5.03E-42	2.51E-38
ENSDARG00000043126	400.2383979	-4.398830121	0.344601095	-12.76499172	2.57E-37	9.63E-34
ENSDARG00000097098	440.3561558	-7.473265116	0.612602629	-12.19920511	3.14E-34	9.40E-31
ENSDARG00000008796	277.2539882	-5.353540659	0.44094996	-12.14092561	6.41E-34	1.60E-30
ENSDARG00000070360	376.9740183	-7.458724959	0.61945423	-12.04080076	2.17E-33	4.64E-30
ENSDARG00000053569	322.7907542	-4.54917901	0.380980509	-11.94071326	7.26E-33	1.36E-29
ENSDARG00000015906	249.7640702	-5.173893742	0.446325729	-11.59219245	4.51E-31	7.51E-28
ENSDARG00000038792	258.1013835	-5.589143578	0.496753447	-11.25134332	2.28E-29	3.41E-26
ENSDARG00000068409	290.3404731	-5.349545903	0.483181317	-11.07150819	1.72E-28	2.35E-25
ENSDARG00000041959	805.4319692	-2.687843052	0.253647435	-10.59676813	3.08E-26	3.85E-23
ENSDARG00000070705	170.2584293	-4.896826636	0.481552246	-10.16883771	2.73E-24	3.15E-21
ENSDARG00000002601	152.2866119	-5.334871841	0.550435504	-9.692092535	3.26E-22	3.48E-19
ENSDARG00000057633	190.8935998	-3.760062603	0.41064607	-9.156455833	5.36E-20	5.35E-17
ENSDARG00000095635	146.4897611	-6.943348513	0.842356352	-8.24276863	1.68E-16	1.57E-13
ENSDARG00000098062	110.1064708	-5.921256334	0.740968193	-7.991242257	1.34E-15	1.18E-12
ENSDARG00000053939	1865.075982	-2.226940311	0.294569327	-7.559987093	4.03E-14	3.35E-11
ENSDARG00000098094	141.1817213	-3.757370213	0.500164517	-7.512268633	5.81E-14	4.58E-11
ENSDARG00000058221	1940.006737	-1.680428563	0.231944853	-7.244948705	4.33E-13	3.24E-10
ENSDARG00000077540	910.5749243	-1.660083442	0.241042125	-6.887109209	5.69E-12	4.06E-09
ENSDARG00000058917	625.8714027	-7.014470938	1.020979513	-6.87033466	6.41E-12	4.36E-09
ENSDARG00000022995	1853.350655	-1.758722757	0.25645259	-6.857886506	6.99E-12	4.55E-09
ENSDARG00000013655	4151.245456	-1.496606638	0.224653231	-6.661852269	2.70E-11	1.69E-08
ENSDARG00000055381	326.7427914	-2.017294982	0.317467261	-6.354340204	2.09E-10	1.25E-07
ENSDARG00000062699	1043.645708	-1.854585834	0.293863529	-6.311044582	2.77E-10	1.60E-07
ENSDARG00000037182	3227.233481	-1.328706681	0.213546411	-6.222097937	4.91E-10	2.72E-07
ENSDARG00000099766	11736.27914	-1.615022494	0.260190212	-6.207083978	5.40E-10	2.89E-07
ENSDARG00000094859	92.22262132	-8.181680891	1.378522503	-5.935108692	2.94E-09	1.42E-06
ENSDARG00000105983	52.51439134	-4.628536957	0.781686667	-5.921217733	3.20E-09	1.50E-06
ENSDARG00000077712	2829.368815	-1.473021698	0.249649587	-5.900357044	3.63E-09	1.65E-06
ENSDARG00000002707	72.40402993	-3.424431292	0.582135416	-5.882533855	4.04E-09	1.78E-06
ENSDARG00000093284	62.32799866	-6.69804223	1.148613566	-5.831414869	5.50E-09	2.35E-06
ENSDARG00000093129	275.0550076	-1.884849217	0.325545591	-5.789816452	7.05E-09	2.89E-06
ENSDARG00000077950	3669.935223	-1.380380675	0.2414161	-5.717848469	1.08E-08	4.25E-06
ENSDARG00000040503	46.14038912	-5.14706623	0.903827801	-5.694742102	1.24E-08	4.74E-06
ENSDARG00000076264	58.48767304	-6.537501693	1.152160715	-5.674123072	1.39E-08	5.22E-06
ENSDARG00000045898	45.47500842	-4.630600309	0.818907127	-5.654609849	1.56E-08	5.70E-06
ENSDARG00000035715	659.2212813	-1.422131866	0.255498616	-5.566103999	2.60E-08	9.29E-06
ENSDARG00000043802	304.6526599	-2.393187671	0.43399731	-5.514291487	3.50E-08	1.22E-05
ENSDARG00000076857	43.02857402	-8.470411489	1.55724736	-5.439348754	5.35E-08	1.82E-05
ENSDARG00000002353	39.39231934	-8.340162219	1.559193107	-5.349024559	8.84E-08	2.94E-05
ENSDARG00000099195	41.62105822	-4.21898158	0.791442738	-5.330747734	9.78E-08	3.18E-05
ENSDARG00000039943	129.739822	-2.218434365	0.417447975	-5.314277464	1.07E-07	3.41E-05
ENSDARG00000055678	44.18237874	-3.81601233	0.726525679	-5.252412189	1.50E-07	4.68E-05
ENSDARG00000014373	18797.53946	-1.110568022	0.212946366	-5.215247577	1.84E-07	5.61E-05
ENSDARG00000056561	53.27251233	-7.347992525	1.40992395	-5.21162331	1.87E-07	5.61E-05
ENSDARG00000094729	43.03952632	-6.169645991	1.185448345	-5.204483196	1.95E-07	5.71E-05
ENSDARG00000020893	48.65518694	-4.096983299	0.792328731	-5.170812489	2.33E-07	6.71E-05
ENSDARG00000025372	38.33725684	-4.635822364	0.918827805	-5.04536578	4.53E-07	0.000127871
ENSDARG00000006553	7255.177772	-1.085970503	0.216083877	-5.025689654	5.02E-07	0.000139081
ENSDARG00000015922	2180.995821	-1.194877764	0.23817019	-5.016907294	5.25E-07	0.000142941
ENSDARG00000103339	44.08067652	-7.073002716	1.417476527	-4.989855268	6.04E-07	0.000161016
ENSDARG00000094887	37.70199496	-5.415729676	1.085953235	-4.98707449	6.13E-07	0.000161016
ENSDARG00000086374	29.42494253	-7.92076418	1.589709412	-4.982523297	6.28E-07	0.000162008
ENSDARG00000022813	16483.91993	-1.208189721	0.24340076	-4.963787782	6.91E-07	0.00017543
ENSDARG00000094160	33.74786379	-5.1588017	1.044058352	-4.941104769	7.77E-07	0.00019384
ENSDARG00000100673	36.76365151	-5.847695195	1.201794286	-4.865803793	1.14E-06	0.000279786
ENSDARG00000015611	93.46828808	-2.131956816	0.45080895	-4.729180326	2.25E-06	0.000544372
ENSDARG00000104964	65.7039338	-2.484410025	0.528779547	-4.69838525	2.62E-06	0.000613446
ENSDARG00000041430	23.5531231	-7.598795352	1.620917489	-4.687959383	2.76E-06	0.000635602
ENSDARG00000101593	43.15390019	-3.151000535	0.67432169	-4.672844699	2.97E-06	0.000673868
ENSDARG00000097452	27.81916483	-4.976571881	1.10710112	-4.49513761	6.95E-06	0.001530776
ENSDARG00000036214	5838.426334	-1.479854616	0.331170015	-4.468564629	7.87E-06	0.001708679
ENSDARG00000062511	1549.090315	-1.021028708	0.231244699	-4.415360487	1.01E-05	0.002111173
ENSDARG00000045219	29.95532087	-4.108260218	0.930616669	-4.41455688	1.01E-05	0.002111173
ENSDARG00000097776	27.62664168	-4.35817449	0.987375453	-4.413897953	1.02E-05	0.002111173
ENSDARG00000007358	107.5443106	-1.84190182	0.42995387	-4.283952179	1.84E-05	0.003665193
ENSDARG00000074100	4536.93615	-1.253921281	0.293985606	-4.265247185	2.00E-05	0.003882629
ENSDARG00000043571	563.3751764	-1.158743666	0.275326459	-4.20861718	2.57E-05	0.004931897
ENSDARG00000107562	25.17612342	-5.408425283	1.288550962	-4.197292496	2.70E-05	0.005119381
ENSDARG00000093220	24.6280134	-6.275915464	1.502153821	-4.177944613	2.94E-05	0.005505116
ENSDARG00000101544	27.32060334	-3.97714715	0.95449859	-4.16673968	3.09E-05	0.0057113
ENSDARG00000005315	2141.856609	-1.122830591	0.269856896	-4.160837122	3.17E-05	0.005789475
ENSDARG00000012044	23.59922709	-4.743896815	1.144714396	-4.144175027	3.41E-05	0.006151854
ENSDARG00000021521	3224.00122	-1.013934386	0.245278578	-4.133807335	3.57E-05	0.006285525
ENSDARG00000027825	2325.24765	-0.911430672	0.220541248	-4.132699359	3.59E-05	0.006285525
ENSDARG00000109040	85.11284466	-6.725797821	1.628092	-4.131091992	3.61E-05	0.006285525
ENSDARG00000038205	15.60913684	-7.00577562	1.698534476	-4.124600189	3.71E-05	0.006391139
ENSDARG00000086826	16.56514487	-7.087252583	1.728176065	-4.101001471	4.11E-05	0.006998831
ENSDARG00000097873	15.23274862	-6.970588454	1.704133255	-4.09040105	4.31E-05	0.007244226
ENSDARG00000104576	27.81993708	-3.783978521	0.926025772	-4.086256165	4.38E-05	0.007292857
ENSDARG00000009881	26.17271412	-3.812871817	0.938135705	-4.064307323	4.82E-05	0.007840009
ENSDARG00000090685	676.566628	-1.147522112	0.284342234	-4.035707594	5.44E-05	0.008579426
ENSDARG00000059817	372.801567	-1.190743724	0.295523118	-4.02927436	5.59E-05	0.008725758
ENSDARG00000032808	13550.43319	-0.877302402	0.219203009	-4.002237034	6.27E-05	0.009684938
ENSDARG00000040955	22.80111891	-4.288783761	1.07816081	-3.977870205	6.95E-05	0.010515986
ENSDARG00000007329	13.94831254	-6.84011938	1.745121432	-3.919566429	8.87E-05	0.013021003
ENSDARG00000044980	443.838348	-1.115071702	0.287445548	-3.879244987	0.000104781	0.014841084
ENSDARG00000075530	748.0169092	-1.002992941	0.258569751	-3.879003395	0.000104885	0.014841084
ENSDARG00000097035	73.98749652	-1.96890591	0.507637323	-3.87856807	0.000105073	0.014841084
ENSDARG00000090600	2027.403261	-0.899417288	0.232734629	-3.864561507	0.000111289	0.015572132
ENSDARG00000045444	12.75736576	-6.713878292	1.749256762	-3.838131964	0.000123974	0.017028776
ENSDARG00000092158	1851.023803	-0.883107488	0.230687087	-3.828161778	0.000129104	0.017402641
ENSDARG00000021201	19.89368251	-5.072357583	1.325011454	-3.828161309	0.000129104	0.017402641
ENSDARG00000092000	12.47853009	-6.683934133	1.756944691	-3.804293991	0.000142209	0.018676809
ENSDARG00000101248	12.57120328	-6.690236361	1.770506459	-3.778713332	0.000157641	0.020523458
ENSDARG00000037116	21.92797888	-3.992264111	1.061254393	-3.761835181	0.000168671	0.021770216
ENSDARG00000070914	25.30326249	-3.357650994	0.89372681	-3.756909779	0.000172024	0.022013252
ENSDARG00000012625	1033.804192	-0.884929106	0.236178209	-3.746870249	0.000179055	0.022527782
ENSDARG00000013576	68.17796756	-1.961619581	0.532142582	-3.686266893	0.000227568	0.028392863
ENSDARG00000097059	11.49081489	-6.561310008	1.787935317	-3.669769229	0.00024277	0.029594577
ENSDARG00000007786	2907.437197	-0.779591414	0.212577966	-3.667319939	0.000245106	0.029594577
ENSDARG00000045694	17.49856246	-5.682705866	1.552490285	-3.66038095	0.000251841	0.030003531
ENSDARG00000060361	357.0826652	-1.028944685	0.281154716	-3.659709848	0.000252501	0.030003531
ENSDARG00000096594	135.007861	-4.411722524	1.208195087	-3.651498479	0.000260715	0.030735588
ENSDARG00000075178	326.2353212	-1.145624892	0.314755158	-3.639733494	0.00027292	0.031923154
ENSDARG00000098758	16.59135396	-5.707440334	1.570197437	-3.63485521	0.000278137	0.032032801
ENSDARG00000042485	17.86134935	-4.92205084	1.355389206	-3.631466753	0.000281815	0.032208654
ENSDARG00000034173	312.3231119	-1.043486281	0.288313024	-3.619282491	0.000295421	0.033507904
ENSDARG00000042899	59.01826096	-1.948594331	0.540591786	-3.604557783	0.000312685	0.035199383
ENSDARG00000043963	21079.75241	-0.748881868	0.208034785	-3.599791578	0.000318472	0.035319762
ENSDARG00000040854	2083.791607	-0.832018403	0.23289934	-3.57243779	0.000353674	0.038935293
ENSDARG00000055760	3027.972321	-0.788224365	0.221108117	-3.564882083	0.00036402	0.039781785
ENSDARG00000011515	725.0529925	-0.927316353	0.260274683	-3.562837316	0.000366868	0.039802525
ENSDARG00000104887	10.37953545	-6.417353309	1.809627998	-3.546227907	0.000390788	0.042076731
ENSDARG00000033182	23.23612924	-3.538456967	0.998628813	-3.543315513	0.00039513	0.042076731
ENSDARG00000104681	10.25109184	-6.398896046	1.813482648	-3.52851242	0.000417902	0.04406221
ENSDARG00000077473	192.0281764	-1.316193943	0.37571458	-3.503175054	0.000459747	0.046875993
ENSDARG00000106555	15.54591989	-5.610082898	1.605767127	-3.493708897	0.00047636	0.047995476
ENSDARG00000010770	15.70929456	-5.512574435	1.578182716	-3.492988726	0.000477647	0.047995476
ENSDARG00000024092	257.5425043	-1.364801962	0.392314053	-3.478850559	0.000503569	0.04896678
ENSDARG00000067544	17.66074618	-4.33493964	1.246102278	-3.478799225	0.000503666	0.04896678
ENSDARG00000100793	282.9200767	-1.104511599	0.317839268	-3.47506337	0.000510733	0.049333482
ENSDARG00000096166	17.48818503	-4.714688918	1.365776172	-3.452021651	0.000556403	0.053400429
ENSDARG00000086523	778.0422604	-0.940714603	0.272682732	-3.449850292	0.000560898	0.053488902
ENSDARG00000018165	2771.422496	-0.743606059	0.215741695	-3.446742459	0.000567389	0.053765512
ENSDARG00000099760	162.8796637	-1.199392581	0.349205121	-3.434636289	0.00059335	0.05587189
ENSDARG00000051888	1528.482921	-0.792191751	0.231200865	-3.426422094	0.000611589	0.056891652
ENSDARG00000091879	416.1001345	-0.940782661	0.274573822	-3.426337789	0.000611779	0.056891652
ENSDARG00000099644	9.498315403	-6.288928952	1.839088639	-3.41958991	0.000627156	0.057606013
ENSDARG00000032532	411.9264177	-1.046789728	0.306267901	-3.417889126	0.000631088	0.057613726
ENSDARG00000061520	661.2436546	-0.846091673	0.24913261	-3.396149842	0.000683409	0.061638584
ENSDARG00000093165	160.1755718	-1.20310207	0.354715069	-3.391742209	0.000694497	0.062263572
ENSDARG00000077768	50.31101116	-1.977935544	0.58423332	-3.385523345	0.000710427	0.062975651
ENSDARG00000095135	555.9659928	-0.875703318	0.258869805	-3.382794373	0.000717523	0.062993035
ENSDARG00000102371	19.51868527	-3.757931272	1.111139206	-3.382052627	0.000719464	0.062993035
ENSDARG00000012002	1475.625706	-0.922777767	0.274918852	-3.356545983	0.000789226	0.067521663
ENSDARG00000073911	77.87762871	-1.556622643	0.466520852	-3.336662525	0.000847908	0.071722509
ENSDARG00000076624	148.832631	-1.337523286	0.402279962	-3.324856844	0.000884639	0.073582344
ENSDARG00000010301	2844.580034	-1.007487224	0.303652674	-3.317893464	0.000906991	0.074612445
ENSDARG00000078552	16.87562061	-3.712926149	1.124758637	-3.301087029	0.00096311	0.077979399
ENSDARG00000060861	140.9932224	-1.240678334	0.375853738	-3.300960479	0.000963545	0.077979399
ENSDARG00000098796	256.8127976	-1.005834907	0.305169688	-3.295985628	0.00098077	0.078946738
ENSDARG00000100114	5703.955156	-0.683908389	0.208154046	-3.285587771	0.001017698	0.080618936
ENSDARG00000107486	9.055265704	-6.215658609	1.893840114	-3.28203979	0.001030591	0.08121054
ENSDARG00000103442	8.68782009	-6.157229859	1.88682034	-3.263283594	0.001101293	0.086327499
ENSDARG00000075975	35.01409977	-2.275728744	0.700402827	-3.249171274	0.001157418	0.090127291
ENSDARG00000103441	19.21154046	-3.232575026	0.995221956	-3.248094563	0.001161807	0.090127291
ENSDARG00000059279	61.25936443	-1.835997389	0.56779445	-3.233559941	0.001222577	0.093389895
ENSDARG00000105445	15.08374753	-4.10654476	1.276422437	-3.217230159	0.001294347	0.097873566
ENSDARG00000061062	614.6727372	-0.822963295	0.256367681	-3.210089863	0.001326935	0.09933434